0.2226 0.000128634 26.6927
0.2715 0.000254267 133.382
0.1767 0.00060045 133.438
0.1149 0.00141748 133.08
0.0748 0.00334505 133.099
0.0487 0.00789474 133.18
0.0317 0.018635 133.206
0.0206 0.043949 132.404
0.0134 0.103482 131.667
0.0087 0.242931 129.622
0.0057 0.569865 130.937
0.0037 1.33511 128.392
0.0024 3.10558 124.214
0.0016 7.24638 130.821
0.001 16.6667 110.858
0.0007 38.4616 131.633
0.0004 85.4697 78.0875
0.0003 185.187 99.21
0.0002 416.665 83.335
0.0002 1250 416.67

0.263 0.000214862 26.3126
0.2619 0.000337516 131.262
0.1658 0.0007193 131.176
0.1076 0.00163582 131.049
0.0701 0.00379713 130.867
0.0457 0.00887403 130.536
0.0298 0.0207782 130.06
0.0195 0.0487292 131.025
0.0127 0.114346 130.174
0.0083 0.268236 130.563
0.0054 0.628483 128.951
0.0035 1.46329 124.721
0.0023 3.39217 124.784
0.0015 7.837 121.259
0.001 18.1488 125.831
0.0006 40.4858 89.1215
0.0004 85.47 78.086
0.0003 185.187 99.21
0.0002 416.665 83.335
0.0002 1250 416.67

0.2988 0.000309888 26.15
0.2536 0.000432404 130.579
0.1565 0.000853099 130.349
0.1012 0.0018814 130.316
0.0659 0.00431202 130.032
0.043 0.0100174 129.822
0.0281 0.0233964 130.055
0.0183 0.0546918 128.687
0.012 0.12794 129.927
0.0078 0.299027 127.552
0.0051 0.696635 126.785
0.0033 1.61088 120.775
0.0022 3.72027 125.398
0.0014 8.50343 111.423
0.0009 18.7971 96.664
0.0006 40.4858 89.1235
0.0004 85.4698 78.0865
0.0003 185.187 99.21
0.0002 416.665 83.335
0.0002 1250 416.67

0.3276 0.000407292 25.2906
0.245 0.000528669 126.108
0.1486 0.000976238 125.976
0.0961 0.00207904 125.809
0.0629 0.00467299 126.11
0.0412 0.0107173 125.807
0.027 0.0247493 125.311
0.0177 0.0572588 124.66
0.0116 0.132369 123.521
0.0076 0.305142 121.655
0.005 0.701406 120.741
0.0033 1.61091 120.771
0.0022 3.72032 125.397
0.0014 8.5035 111.429
0.0009 18.797 96.663
0.0006 40.486 89.122
0.0004 85.4698 78.0865
0.0003 185.187 99.21
0.0002 416.665 83.335
0.0002 1250 416.67

0.3527 0.000505792 24.6806
0.2377 0.000627501 123.179
0.142 0.00110341 123.196
0.0918 0.00228717 123.224
0.0601 0.00506145 122.733
0.0395 0.011478 122.385
0.026 0.0262712 122.187
0.0171 0.0603082 121.436
0.0113 0.138708 122.448
0.0074 0.318674 119.853
0.0049 0.731106 120.91
0.0032 1.67097 116.345
0.0021 3.77943 111.754
0.0014 8.5035 111.426
0.0009 18.7971 96.663
0.0006 40.486 89.123
0.0004 85.4702 78.0875
0.0003 185.187 99.21
0.0002 416.665 83.335
0.0002 1250 416.67

0.3741 0.00060479 23.954
0.2309 0.000726583 119.561
0.1362 0.00122557 119.418
0.0881 0.00247277 119.383
0.0579 0.00538111 119.089
0.0382 0.0120584 118.701
0.0253 0.0273573 119.429
0.0167 0.0623826 118.928
0.011 0.142172 117.208
0.0073 0.323907 117.899
0.0048 0.736265 114.911
0.0032 1.671 116.362
0.0021 3.77943 111.755
0.0014 8.50357 111.426
0.0009 18.7971 96.664
0.0006 40.486 89.122
0.0004 85.4715 78.099
0.0003 185.183 99.21
0.0002 416.665 83.335
0.0002 1250 416.665

0.3935 0.000704119 23.5351
0.225 0.000827169 117.349
0.1312 0.00135208 117.147
0.0848 0.00267195 116.983
0.0559 0.00574422 117.143
0.037 0.0127827 117.292
0.0245 0.0288416 117.227
0.0162 0.0653716 116.394
0.0107 0.148063 114.636
0.0071 0.334731 113.971
0.0047 0.754677 111.962
0.0031 1.68881 107.533
0.0021 3.77948 111.748
0.0014 8.50357 111.419
0.0009 18.7972 96.663
0.0006 40.486 89.122
0.0004 85.47 78.086
0.0003 185.187 99.21
0.0002 416.665 83.335
0.0002 1250 416.67

0.4101 0.000803589 22.8475
0.2194 0.000926955 114.066
0.1268 0.00147154 113.954
0.082 0.00284585 113.729
0.0542 0.00602884 113.757
0.036 0.0132669 113.797
0.0239 0.0296272 113.139
0.0159 0.0665094 112.879
0.0106 0.149738 113.322
0.007 0.336351 110.029
0.0047 0.754719 111.964
0.0031 1.68884 107.534
0.0021 3.77952 111.754
0.0014 8.50364 111.428
0.0009 18.7972 96.667
0.0006 40.486 89.125
0.0004 85.4692 78.0855
0.0003 185.187 99.21
0.0002 416.665 83.335
0.0002 1250 416.66

0.4256 0.000903212 22.4791
0.2145 0.00102803 112.186
0.1229 0.0015961 112.128
0.0795 0.00303799 112.201
0.0526 0.00637395 112.168
0.035 0.0139366 112.236
0.0233 0.0309841 111.96
0.0155 0.0692761 111.101
0.0103 0.154858 109.347
0.0069 0.346142 110.001
0.0046 0.77383 108.989
0.0031 1.73458 111.891
0.002 3.8405 98.952
0.0014 8.50364 111.424
0.0009 18.7973 96.665
0.0006 40.486 89.123
0.0004 85.4703 78.0865
0.0003 185.187 99.21
0.0002 416.665 83.335
0.0002 1250 416.67

0.4402 0.00100294 22.3872
0.2102 0.00113032 111.574
0.1194 0.00172621 111.467
0.0771 0.00324738 111.343
0.051 0.00676431 111.029
0.034 0.0147232 111.401
0.0226 0.0325978 110.129
0.0151 0.0726106 110.174
0.0101 0.16235 110.638
0.0067 0.362516 107.946
0.0045 0.808318 108.929
0.003 1.80177 107.386
0.002 3.9987 105.075
0.0013 8.71108 92.55
0.0009 18.7973 96.662
0.0006 40.4862 89.1245
0.0004 85.4708 78.0885
0.0003 185.183 99.2
0.0002 416.67 83.33
0.0002 1250 416.67

0.4528 0.00110269 21.9543
0.206 0.0012313 109.631
0.1162 0.0018476 109.504
0.0751 0.00342723 109.704
0.0497 0.00707163 109.061
0.0332 0.0152795 109.333
0.0222 0.0336811 109.483
0.0148 0.0747588 108.324
0.0099 0.166183 107.896
0.0066 0.368868 105.907
0.0044 0.81433 102.994
0.003 1.80183 107.386
0.002 3.9987 105.077
0.0013 8.71115 92.548
0.0009 18.7973 96.663
0.0006 40.4862 89.1235
0.0004 85.4715 78.099
0.0003 185.183 99.21
0.0002 416.67 83.33
0.0002 1250 416.67

0.4647 0.00120249 21.7278
0.2022 0.00133302 108.466
0.1133 0.00197243 108.344
0.0731 0.00361614 108.06
0.0485 0.00740227 107.838
0.0324 0.0159037 107.602
0.0217 0.0348687 107.587
0.0145 0.077 106.438
0.0097 0.170153 105.134
0.0065 0.375388 103.86
0.0044 0.82957 105.886
0.0029 1.82186 98.686
0.002 3.99875 105.079
0.0013 8.71115 92.548
0.0009 18.7974 96.662
0.0006 40.4862 89.1245
0.0004 85.47 78.086
0.0003 185.187 99.21
0.0002 416.665 83.335
0.0002 1250 416.66

0.4753 0.00130231 21.2981
0.1984 0.00143379 106.261
0.1106 0.00209022 106.215
0.0714 0.00378137 105.969
0.0475 0.00766779 106.061
0.0318 0.0163651 105.884
0.0213 0.0356535 105.077
0.0143 0.0782678 104.572
0.0096 0.172209 103.751
0.0065 0.380155 105.818
0.0043 0.835833 99.9794
0.0029 1.8219 98.677
0.002 3.9988 105.074
0.0013 8.71123 92.547
0.0009 18.7974 96.663
0.0006 40.4862 89.1235
0.0004 85.4718 78.0995
0.0003 185.183 99.21
0.0002 416.67 83.33
0.0002 1250 416.67

0.4852 0.00140216 20.9518
0.195 0.00153491 104.663
0.1081 0.00220957 104.497
0.0698 0.00395143 104.222
0.0465 0.00794409 104.247
0.0312 0.0168436 104.124
0.021 0.0365467 104.361
0.0141 0.0800213 103.571
0.0095 0.175791 103.666
0.0064 0.386975 103.739
0.0043 0.851663 102.808
0.0029 1.8731 102.837
0.0019 4.06547 92.414
0.0013 8.71123 92.546
0.0009 18.7974 96.661
0.0006 40.4863 89.122
0.0004 85.4718 78.0995
0.0003 185.183 99.21
0.0002 416.67 83.33
0.0002 1250 416.67

0.4945 0.00150203 20.6499
0.1917 0.00163602 102.932
0.1058 0.00232826 102.88
0.0684 0.00412091 103.036
0.0456 0.0082261 102.96
0.0306 0.0173408 102.339
0.0206 0.0373854 101.814
0.0139 0.0813604 101.681
0.0094 0.17795 102.263
0.0063 0.388995 99.7446
0.0043 0.851705 102.812
0.0029 1.87314 102.84
0.0019 4.06553 92.419
0.0013 8.71131 92.553
0.0009 18.7974 96.665
0.0006 40.4863 89.124
0.0004 85.4702 78.0865
0.0003 185.187 99.21
0.0002 416.665 83.335
0.0002 1250 416.66

0.5037 0.00160194 20.6244
0.1889 0.0017386 102.802
0.1037 0.00245593 102.716
0.0669 0.00431928 102.436
0.0446 0.00858206 102.197
0.03 0.018043 102.15
0.0202 0.038854 101.619
0.0136 0.0843919 100.577
0.0092 0.183935 100.743
0.0062 0.401176 99.5621
0.0042 0.874648 99.7104
0.0028 1.89446 94.1915
0.0019 4.06558 92.416
0.0013 8.71131 92.551
0.0009 18.7976 96.665
0.0006 40.4863 89.125
0.0004 85.47 78.086
0.0003 185.187 99.21
0.0002 416.665 83.335
0.0002 1250 416.66

0.5114 0.00170183 20.1349
0.1859 0.00183876 100.521
0.1017 0.00256775 100.557
0.0657 0.00446377 100.472
0.0439 0.00878975 100.337
0.0296 0.0183554 100.356
0.02 0.0393295 100.305
0.0135 0.0851326 99.6167
0.0091 0.184622 98.0309
0.0062 0.401215 99.5579
0.0042 0.874688 99.708
0.0028 1.8945 94.187
0.0019 4.06563 92.417
0.0013 8.71131 92.549
0.0009 18.7976 96.662
0.0006 40.4865 89.1235
0.0004 85.471 78.088
0.0003 185.187 99.21
0.0002 416.665 83.335
0.0002 1250 416.67

0.5192 0.00180174 19.9529
0.1833 0.00194045 99.7099
0.0998 0.00268858 99.5242
0.0645 0.00463922 99.6089
0.0431 0.00908515 99.2773
0.0291 0.0188918 99.3434
0.0197 0.0403553 99.5362
0.0133 0.0871135 98.5612
0.009 0.188592 97.887
0.0061 0.40861 97.4553
0.0041 0.881517 93.8834
0.0028 1.89454 94.2035
0.0019 4.06563 92.42
0.0013 8.71138 92.553
0.0009 18.7976 96.662
0.0006 40.4865 89.1225
0.0004 85.471 78.088
0.0003 185.187 99.21
0.0002 416.665 83.335
0.0002 1250 416.67

